10 0.6928
20 0.7933
30 0.8126
40 0.8403
50 0.8446
60 0.8498
70 0.8604
80 0.8684
90 0.8715
100 0.8745
110 0.8796
120 0.8809
130 0.8837
140 0.8826
150 0.8841
160 0.8847
170 0.8899
180 0.8891
190 0.892
200 0.8919
210 0.8894
220 0.8936
230 0.8925
240 0.8939
250 0.8949
260 0.8971
270 0.8965
280 0.896
290 0.8969
300 0.8954
310 0.895
320 0.8976
330 0.8998
340 0.8983
350 0.8982
360 0.8977
370 0.8993
380 0.9025
390 0.9012
400 0.9008
410 0.9015
420 0.9029
430 0.9038
440 0.9045
450 0.9036
460 0.902
470 0.9042
480 0.9043
490 0.9048
500 0.9043
510 0.902
520 0.9032
530 0.904
540 0.9045
550 0.905
560 0.9057
570 0.9076
580 0.9029
590 0.9061
600 0.9039
