50 0.1
100 0.1
150 0.1
200 0.1058
250 0.1
300 0.1
350 0.1
400 0.1
450 0.1
500 0.1
550 0.1
600 0.1188
650 0.1002
700 0.1
750 0.1
800 0.1
850 0.1806
900 0.1153
950 0.1746
1000 0.196
1050 0.234
1100 0.2461
1150 0.2675
1200 0.2913
1250 0.3158
1300 0.3273
1350 0.3678
1400 0.3884
1450 0.4151
1500 0.4255
1550 0.4417
1600 0.4421
1650 0.4544
1700 0.4563
1750 0.4756
1800 0.4965
1850 0.4907
1900 0.4939
1950 0.4954
2000 0.5125
2050 0.5315
2100 0.5277
2150 0.5294
2200 0.5353
2250 0.5245
2300 0.5505
2350 0.5602
2400 0.5451
2450 0.5648
2500 0.5506
