50 0.1
100 0.1
150 0.1
200 0.1017
250 0.1
300 0.1
350 0.1018
400 0.1
450 0.1
500 0.1
550 0.1
600 0.1213
650 0.1
700 0.1
750 0.1
800 0.1041
850 0.1642
900 0.1652
950 0.1464
1000 0.1989
1050 0.2383
1100 0.2761
1150 0.3046
1200 0.3118
1250 0.3421
1300 0.3536
1350 0.3948
1400 0.3975
1450 0.4169
1500 0.4388
1550 0.4467
1600 0.4627
1650 0.4597
1700 0.4697
1750 0.4773
1800 0.4809
1850 0.5035
1900 0.5046
1950 0.5046
2000 0.5171
2050 0.5125
2100 0.533
2150 0.5334
2200 0.531
2250 0.5413
2300 0.5369
2350 0.5576
2400 0.558
2450 0.5589
2500 0.56
