50 0.1
100 0.1
150 0.1
200 0.1073
250 0.1
300 0.1
350 0.1001
400 0.1
450 0.1
500 0.1
550 0.1
600 0.122
650 0.1
700 0.1
750 0.1
800 0.1033
850 0.1637
900 0.1583
950 0.1679
1000 0.2321
1050 0.2445
1100 0.2843
1150 0.3031
1200 0.3133
1250 0.3509
1300 0.3617
1350 0.3955
1400 0.402
1450 0.4178
1500 0.4421
1550 0.4572
1600 0.4604
1650 0.4624
1700 0.471
1750 0.487
1800 0.4803
1850 0.505
1900 0.5089
1950 0.5194
2000 0.5152
2050 0.5183
2100 0.5375
2150 0.5353
2200 0.5363
2250 0.5264
2300 0.5513
2350 0.5521
2400 0.5584
2450 0.5546
2500 0.5457
