50 0.2174
100 0.3052
150 0.3477
200 0.3625
250 0.41
300 0.3813
350 0.4341
400 0.4411
450 0.4077
500 0.4443
550 0.4042
600 0.4614
650 0.4652
700 0.4697
750 0.4876
800 0.4823
850 0.479
900 0.4973
950 0.4603
1000 0.5414
1050 0.5218
1100 0.5243
1150 0.5624
1200 0.4895
1250 0.5665
1300 0.5264
1350 0.5688
1400 0.5673
1450 0.5609
1500 0.5802
1550 0.5793
1600 0.5846
1650 0.6026
1700 0.5656
1750 0.5909
1800 0.6091
1850 0.5519
1900 0.6005
1950 0.593
2000 0.5878
2050 0.6234
2100 0.5622
2150 0.57
2200 0.5677
2250 0.6255
2300 0.6323
2350 0.61
2400 0.5706
2450 0.5977
2500 0.6308
