50 0.285
100 0.3067
150 0.3597
200 0.3506
250 0.4046
300 0.3861
350 0.4056
400 0.4421
450 0.4491
500 0.465
550 0.4156
600 0.4201
650 0.4662
700 0.4889
750 0.4945
800 0.5009
850 0.5211
900 0.5072
950 0.4933
1000 0.5179
1050 0.5326
1100 0.5448
1150 0.5046
1200 0.5359
1250 0.5772
1300 0.5586
1350 0.5601
1400 0.5119
1450 0.582
1500 0.5467
1550 0.5672
1600 0.5596
1650 0.5583
1700 0.5989
1750 0.5757
1800 0.6164
1850 0.5568
1900 0.5728
1950 0.6
2000 0.6127
2050 0.6289
2100 0.5059
2150 0.5957
2200 0.5664
2250 0.6124
2300 0.6005
2350 0.5221
2400 0.6251
2450 0.5762
2500 0.5622
