50 0.2934
100 0.2541
150 0.316
200 0.3178
250 0.3193
300 0.3179
350 0.318
400 0.3163
450 0.3178
500 0.3193
550 0.3179
600 0.318
650 0.3163
700 0.3178
750 0.3193
800 0.3179
850 0.318
900 0.3163
950 0.3178
1000 0.3193
1050 0.3179
1100 0.318
1150 0.3163
1200 0.3178
1250 0.3193
1300 0.3179
1350 0.318
1400 0.3163
1450 0.3178
1500 0.3193
1550 0.3179
1600 0.318
1650 0.3163
1700 0.3178
1750 0.3193
1800 0.3179
1850 0.318
1900 0.3163
1950 0.3178
2000 0.3193
2050 0.3179
2100 0.318
2150 0.3163
2200 0.3178
2250 0.3193
2300 0.3179
2350 0.318
2400 0.3163
2450 0.3178
2500 0.3193
