50 0.2587
100 0.326
150 0.2668
200 0.2941
250 0.2936
300 0.293
350 0.2936
400 0.294
450 0.2934
500 0.2936
550 0.293
600 0.2936
650 0.294
700 0.2934
750 0.2936
800 0.293
850 0.2936
900 0.294
950 0.2934
1000 0.2936
1050 0.293
1100 0.2936
1150 0.294
1200 0.2934
1250 0.2936
1300 0.293
1350 0.2936
1400 0.294
1450 0.2934
1500 0.2936
1550 0.293
1600 0.2936
1650 0.294
1700 0.2934
1750 0.2936
1800 0.293
1850 0.2936
1900 0.294
1950 0.2934
2000 0.2936
2050 0.293
2100 0.2936
2150 0.294
2200 0.2934
2250 0.2936
2300 0.293
2350 0.2936
2400 0.294
2450 0.2934
2500 0.2936
