50 0.3
100 0.2371
150 0.2959
200 0.2966
250 0.2959
300 0.2962
350 0.2972
400 0.2966
450 0.2966
500 0.2959
550 0.2962
600 0.2972
650 0.2966
700 0.2966
750 0.2959
800 0.2962
850 0.2972
900 0.2966
950 0.2966
1000 0.2959
1050 0.2962
1100 0.2972
1150 0.2966
1200 0.2966
1250 0.2959
1300 0.2962
1350 0.2972
1400 0.2966
1450 0.2966
1500 0.2959
1550 0.2962
1600 0.2972
1650 0.2966
1700 0.2966
1750 0.2959
1800 0.2962
1850 0.2972
1900 0.2966
1950 0.2966
2000 0.2959
2050 0.2962
2100 0.2972
2150 0.2966
2200 0.2966
2250 0.2959
2300 0.2962
2350 0.2972
2400 0.2966
2450 0.2966
2500 0.2959
