50 0.2052
100 0.2801
150 0.2774
200 0.2823
250 0.2812
300 0.282
350 0.2798
400 0.2775
450 0.2823
500 0.2812
550 0.282
600 0.2798
650 0.2775
700 0.2823
750 0.2812
800 0.282
850 0.2798
900 0.2775
950 0.2823
1000 0.2812
1050 0.282
1100 0.2798
1150 0.2775
1200 0.2823
1250 0.2812
1300 0.282
1350 0.2798
1400 0.2775
1450 0.2823
1500 0.2812
1550 0.282
1600 0.2798
1650 0.2775
1700 0.2823
1750 0.2812
1800 0.282
1850 0.2798
1900 0.2775
1950 0.2823
2000 0.2812
2050 0.282
2100 0.2798
2150 0.2775
2200 0.2823
2250 0.2812
2300 0.282
2350 0.2798
2400 0.2775
2450 0.2823
2500 0.2812
