50 0.2713
100 0.3533
150 0.3185
200 0.3577
250 0.396
300 0.3793
350 0.3879
400 0.4388
450 0.4359
500 0.4361
550 0.4533
600 0.4311
650 0.4627
700 0.4753
750 0.4914
800 0.4498
850 0.4727
900 0.4889
950 0.4056
1000 0.5397
1050 0.5479
1100 0.4909
1150 0.5028
1200 0.5472
1250 0.5815
1300 0.5646
1350 0.5706
1400 0.5508
1450 0.5595
1500 0.5721
1550 0.5357
1600 0.5707
1650 0.6087
1700 0.5502
1750 0.5869
1800 0.5904
1850 0.5457
1900 0.6132
1950 0.5768
2000 0.5948
2050 0.612
2100 0.557
2150 0.6055
2200 0.6003
2250 0.6316
2300 0.6087
2350 0.5978
2400 0.5408
2450 0.5797
2500 0.6311
