50 0.2953
100 0.3525
150 0.3552
200 0.3242
250 0.3999
300 0.3682
350 0.3953
400 0.3965
450 0.4437
500 0.4575
550 0.4056
600 0.464
650 0.4651
700 0.4871
750 0.5076
800 0.4573
850 0.5112
900 0.5294
950 0.4825
1000 0.5039
1050 0.4992
1100 0.5467
1150 0.533
1200 0.5376
1250 0.5656
1300 0.575
1350 0.5466
1400 0.5433
1450 0.5706
1500 0.5794
1550 0.6013
1600 0.5161
1650 0.6037
1700 0.5894
1750 0.572
1800 0.6245
1850 0.4942
1900 0.6043
1950 0.5696
2000 0.6082
2050 0.6116
2100 0.5512
2150 0.5893
2200 0.5562
2250 0.6238
2300 0.6362
2350 0.6146
2400 0.5985
2450 0.5536
2500 0.5791
