50 0.2921
100 0.3043
150 0.352
200 0.3518
250 0.3786
300 0.3502
350 0.3892
400 0.4273
450 0.4313
500 0.4645
550 0.4137
600 0.469
650 0.4473
700 0.4416
750 0.4987
800 0.4737
850 0.5137
900 0.5201
950 0.4721
1000 0.5468
1050 0.5137
1100 0.5485
1150 0.5332
1200 0.5116
1250 0.5691
1300 0.5343
1350 0.5729
1400 0.5588
1450 0.5674
1500 0.5835
1550 0.5464
1600 0.6006
1650 0.5921
1700 0.5635
1750 0.5965
1800 0.5661
1850 0.5533
1900 0.6204
1950 0.5951
2000 0.5733
2050 0.619
2100 0.5309
2150 0.5971
2200 0.5987
2250 0.5205
2300 0.6447
2350 0.536
2400 0.6396
2450 0.5589
2500 0.5568
