50 0.269
100 0.2416
150 0.297
200 0.2952
250 0.2962
300 0.2966
350 0.297
400 0.2976
450 0.2952
500 0.2962
550 0.2966
600 0.297
650 0.2976
700 0.2952
750 0.2962
800 0.2966
850 0.297
900 0.2976
950 0.2952
1000 0.2962
1050 0.2966
1100 0.297
1150 0.2976
1200 0.2952
1250 0.2962
1300 0.2966
1350 0.297
1400 0.2976
1450 0.2952
1500 0.2962
1550 0.2966
1600 0.297
1650 0.2976
1700 0.2952
1750 0.2962
1800 0.2966
1850 0.297
1900 0.2976
1950 0.2952
2000 0.2962
2050 0.2966
2100 0.297
2150 0.2976
2200 0.2952
2250 0.2962
2300 0.2966
2350 0.297
2400 0.2976
2450 0.2952
2500 0.2962
