50 0.2803
100 0.313
150 0.3643
200 0.3279
250 0.4158
300 0.3556
350 0.4329
400 0.4154
450 0.4216
500 0.4616
550 0.4353
600 0.403
650 0.4533
700 0.48
750 0.497
800 0.5104
850 0.4612
900 0.5084
950 0.4885
1000 0.536
1050 0.5156
1100 0.5325
1150 0.5299
1200 0.5213
1250 0.5656
1300 0.5371
1350 0.5735
1400 0.5462
1450 0.5604
1500 0.5873
1550 0.5869
1600 0.5348
1650 0.6092
1700 0.5719
1750 0.6115
1800 0.5977
1850 0.5215
1900 0.6001
1950 0.5742
2000 0.5926
2050 0.6435
2100 0.5764
2150 0.6189
2200 0.56
2250 0.5391
2300 0.6456
2350 0.6051
2400 0.6379
2450 0.5588
2500 0.519
