50 0.2897
100 0.3276
150 0.2901
200 0.3012
250 0.3005
300 0.301
350 0.3012
400 0.3025
450 0.3012
500 0.3005
550 0.301
600 0.3012
650 0.3025
700 0.3012
750 0.3005
800 0.301
850 0.3012
900 0.3025
950 0.3012
1000 0.3005
1050 0.301
1100 0.3012
1150 0.3025
1200 0.3012
1250 0.3005
1300 0.301
1350 0.3012
1400 0.3025
1450 0.3012
1500 0.3005
1550 0.301
1600 0.3012
1650 0.3025
1700 0.3012
1750 0.3005
1800 0.301
1850 0.3012
1900 0.3025
1950 0.3012
2000 0.3005
2050 0.301
2100 0.3012
2150 0.3025
2200 0.3012
2250 0.3005
2300 0.301
2350 0.3012
2400 0.3025
2450 0.3012
2500 0.3005
