50 0.291
100 0.3363
150 0.2784
200 0.2744
250 0.2758
300 0.2757
350 0.2754
400 0.2766
450 0.2743
500 0.2758
550 0.2757
600 0.2754
650 0.2766
700 0.2743
750 0.2758
800 0.2757
850 0.2754
900 0.2766
950 0.2743
1000 0.2758
1050 0.2757
1100 0.2754
1150 0.2766
1200 0.2743
1250 0.2758
1300 0.2757
1350 0.2754
1400 0.2766
1450 0.2743
1500 0.2758
1550 0.2757
1600 0.2754
1650 0.2766
1700 0.2743
1750 0.2758
1800 0.2757
1850 0.2754
1900 0.2766
1950 0.2743
2000 0.2758
2050 0.2757
2100 0.2754
2150 0.2766
2200 0.2743
2250 0.2758
2300 0.2757
2350 0.2754
2400 0.2766
2450 0.2743
2500 0.2758
