10 0.1135
20 0.1135
30 0.1135
40 0.1135
50 0.1135
60 0.1135
70 0.1135
80 0.1135
90 0.1135
100 0.1135
110 0.1135
120 0.1135
130 0.1135
140 0.1135
150 0.1135
160 0.1135
170 0.1135
180 0.1135
190 0.1135
200 0.1135
210 0.1135
220 0.1135
230 0.1135
240 0.1135
250 0.1135
260 0.1135
270 0.1135
280 0.1135
290 0.1135
300 0.1135
310 0.1135
320 0.1135
330 0.1135
340 0.1135
350 0.1135
360 0.1135
370 0.1135
380 0.1135
390 0.1135
400 0.1135
410 0.1135
420 0.1135
430 0.1135
440 0.1135
450 0.1135
460 0.1135
470 0.1135
480 0.1135
490 0.1135
500 0.1135
510 0.1135
520 0.1135
530 0.1135
540 0.1135
550 0.1135
560 0.1135
570 0.1135
580 0.1135
590 0.1135
600 0.1135
610 0.1135
620 0.1281
630 0.1669
640 0.1838
650 0.2522
660 0.3073
670 0.362
680 0.5133
690 0.5373
700 0.6188
710 0.7378
720 0.7716
730 0.7896
740 0.8086
750 0.8278
760 0.8553
770 0.8656
780 0.8815
790 0.8769
800 0.9003
810 0.8978
820 0.8995
830 0.9148
840 0.8908
850 0.9044
860 0.8998
870 0.9118
880 0.9108
890 0.9267
900 0.9156
