10 0.1135
20 0.1135
30 0.1135
40 0.1135
50 0.1135
60 0.1135
70 0.1135
80 0.1135
90 0.1135
100 0.1135
110 0.1135
120 0.1135
130 0.1135
140 0.1135
150 0.1135
160 0.1135
170 0.1135
180 0.1135
190 0.1135
200 0.1135
210 0.1135
220 0.1135
230 0.1135
240 0.1135
250 0.1135
260 0.1135
270 0.1135
280 0.1135
290 0.1135
300 0.1135
310 0.1135
320 0.1135
330 0.1135
340 0.1135
350 0.1135
360 0.1135
370 0.1135
380 0.1135
390 0.1135
400 0.1135
410 0.1135
420 0.1135
430 0.1135
440 0.1135
450 0.1135
460 0.1135
470 0.1135
480 0.1135
490 0.1135
500 0.1135
510 0.1135
520 0.1135
530 0.1135
540 0.1135
550 0.1135
560 0.1135
570 0.1135
580 0.1135
590 0.1135
600 0.1135
610 0.1135
620 0.128
630 0.1669
640 0.1839
650 0.2521
660 0.3073
670 0.3619
680 0.5126
690 0.5374
700 0.619
710 0.7353
720 0.7728
730 0.7908
740 0.8022
750 0.8237
760 0.854
770 0.8647
780 0.882
790 0.8767
800 0.8997
810 0.9016
820 0.8979
830 0.9146
840 0.8964
850 0.9023
860 0.9049
870 0.9079
880 0.9101
890 0.9256
900 0.9149
