1 10 0.0999
1 20 0.1
1 30 0.1
1 40 0.1
1 50 0.1
1 60 0.1
1 70 0.1
1 80 0.1
1 90 0.1
1 100 0.1
1 110 0.1
1 120 0.1119
1 130 0.1
1 140 0.1
1 150 0.1
1 160 0.1
1 170 0.1
1 180 0.1
1 190 0.1
1 200 0.1
1 210 0.1
1 220 0.1
1 230 0.1
1 240 0.1
1 250 0.1
2 10 0.1
2 20 0.1
2 30 0.1
2 40 0.1
2 50 0.1
2 60 0.1
2 70 0.1
2 80 0.1
2 90 0.1
2 100 0.1096
2 110 0.1
2 120 0.1
2 130 0.1
2 140 0.1
2 150 0.1
2 160 0.1
2 170 0.1
2 180 0.1
2 190 0.1
2 200 0.1
2 210 0.1
2 220 0.1
2 230 0.1
2 240 0.1
2 250 0.1
3 10 0.1
3 20 0.1
3 30 0.1007
3 40 0.1122
3 50 0.1
3 60 0.1
3 70 0.1
3 80 0.1356
3 90 0.0971
3 100 0.1209
3 110 0.1
3 120 0.1061
3 130 0.1
3 140 0.1001
3 150 0.116
3 160 0.1
3 170 0.1001
3 180 0.1
3 190 0.1
3 200 0.1
3 210 0.1
3 220 0.143
3 230 0.1611
3 240 0.1108
3 250 0.121
4 10 0.1388
4 20 0.1391
4 30 0.1598
4 40 0.1845
4 50 0.1753
4 60 0.1718
4 70 0.1624
4 80 0.1598
4 90 0.1555
4 100 0.1494
4 110 0.1422
4 120 0.1576
4 130 0.1737
4 140 0.1836
4 150 0.192
4 160 0.1877
4 170 0.1914
4 180 0.2004
4 190 0.2118
4 200 0.2161
4 210 0.2173
4 220 0.2209
4 230 0.2351
4 240 0.235
4 250 0.2281
5 10 0.2496
5 20 0.255
5 30 0.2618
5 40 0.2471
5 50 0.2761
5 60 0.2821
5 70 0.2864
5 80 0.2939
5 90 0.2972
5 100 0.3004
5 110 0.3121
5 120 0.3056
5 130 0.3108
5 140 0.311
5 150 0.3213
5 160 0.3135
5 170 0.339
5 180 0.3436
5 190 0.3349
5 200 0.3517
5 210 0.3574
5 220 0.3638
5 230 0.3724
5 240 0.3838
5 250 0.3786
6 10 0.384
6 20 0.3838
6 30 0.3959
6 40 0.4023
6 50 0.3818
6 60 0.3944
6 70 0.3972
6 80 0.4132
6 90 0.414
6 100 0.4113
6 110 0.4244
6 120 0.4038
6 130 0.4266
6 140 0.4243
6 150 0.4198
6 160 0.4183
6 170 0.4336
6 180 0.4346
6 190 0.4368
6 200 0.4254
6 210 0.4478
6 220 0.4407
6 230 0.4537
6 240 0.4458
6 250 0.4469
7 10 0.4649
7 20 0.4554
7 30 0.4631
7 40 0.4631
7 50 0.472
7 60 0.4481
7 70 0.4731
7 80 0.4653
7 90 0.4694
7 100 0.4685
7 110 0.49
7 120 0.4742
7 130 0.4812
7 140 0.4777
7 150 0.4822
7 160 0.476
7 170 0.4856
7 180 0.4914
7 190 0.4995
7 200 0.4857
7 210 0.5027
7 220 0.5022
7 230 0.506
7 240 0.5034
7 250 0.4835
8 10 0.5083
8 20 0.5072
8 30 0.5063
8 40 0.5153
8 50 0.5161
8 60 0.4989
8 70 0.515
8 80 0.5123
8 90 0.5279
8 100 0.5223
8 110 0.5329
8 120 0.5266
8 130 0.5321
8 140 0.5286
8 150 0.5139
8 160 0.528
8 170 0.5298
8 180 0.5363
8 190 0.5449
8 200 0.5295
8 210 0.5403
8 220 0.5402
8 230 0.5471
8 240 0.5412
8 250 0.5203
9 10 0.5428
9 20 0.5464
9 30 0.5443
9 40 0.5451
9 50 0.5525
9 60 0.5482
9 70 0.5451
9 80 0.5516
9 90 0.5554
9 100 0.5595
9 110 0.5674
9 120 0.5618
9 130 0.5562
9 140 0.5605
9 150 0.5449
9 160 0.5545
9 170 0.5632
9 180 0.5683
9 190 0.5678
9 200 0.5635
9 210 0.5745
9 220 0.5723
9 230 0.5797
9 240 0.5688
9 250 0.5501
10 10 0.5641
10 20 0.5735
10 30 0.5743
10 40 0.5674
10 50 0.5757
10 60 0.5667
10 70 0.5594
10 80 0.5753
10 90 0.5872
10 100 0.5856
10 110 0.5884
10 120 0.5882
10 130 0.5883
10 140 0.5828
10 150 0.569
10 160 0.5747
10 170 0.5856
10 180 0.5919
10 190 0.5799
10 200 0.5848
10 210 0.5934
10 220 0.5866
10 230 0.5954
10 240 0.593
10 250 0.5763
