1 10 0.1
1 20 0.1
1 30 0.1
1 40 0.1
1 50 0.1
1 60 0.1
1 70 0.1
1 80 0.1
1 90 0.1162
1 100 0.1
1 110 0.1
1 120 0.1
1 130 0.1
1 140 0.1
1 150 0.1
1 160 0.1
1 170 0.1
1 180 0.1
1 190 0.1
1 200 0.1
1 210 0.1
1 220 0.1624
1 230 0.103
1 240 0.1319
1 250 0.1396
2 10 0.131
2 20 0.1581
2 30 0.1948
2 40 0.2109
2 50 0.202
2 60 0.21
2 70 0.2303
2 80 0.2606
2 90 0.2713
2 100 0.2454
2 110 0.2839
2 120 0.2962
2 130 0.3148
2 140 0.3027
2 150 0.3346
2 160 0.3087
2 170 0.353
2 180 0.3701
2 190 0.3949
2 200 0.3711
2 210 0.3993
2 220 0.3977
2 230 0.4085
2 240 0.3691
2 250 0.3758
3 10 0.4164
3 20 0.4078
3 30 0.4017
3 40 0.4239
3 50 0.4496
3 60 0.4287
3 70 0.4558
3 80 0.4574
3 90 0.4577
3 100 0.4582
3 110 0.4692
3 120 0.4781
3 130 0.4719
3 140 0.4608
3 150 0.4859
3 160 0.4833
3 170 0.5082
3 180 0.4804
3 190 0.4996
3 200 0.491
3 210 0.5131
3 220 0.5185
3 230 0.5272
3 240 0.4737
3 250 0.5203
4 10 0.542
4 20 0.5399
4 30 0.5119
4 40 0.5283
4 50 0.537
4 60 0.5131
4 70 0.5047
4 80 0.5261
4 90 0.5415
4 100 0.5511
4 110 0.5414
4 120 0.5502
4 130 0.539
4 140 0.516
4 150 0.5376
4 160 0.5414
4 170 0.5475
4 180 0.5368
4 190 0.5505
4 200 0.555
4 210 0.5536
4 220 0.5655
4 230 0.5747
4 240 0.5427
4 250 0.5618
5 10 0.5673
5 20 0.5676
5 30 0.5583
5 40 0.5761
5 50 0.5707
5 60 0.5454
5 70 0.5363
5 80 0.5673
5 90 0.5663
5 100 0.5594
5 110 0.5734
5 120 0.5644
5 130 0.5604
5 140 0.5296
5 150 0.5421
5 160 0.5656
5 170 0.5629
5 180 0.5747
5 190 0.5741
5 200 0.5684
5 210 0.5845
5 220 0.5822
5 230 0.5865
5 240 0.5829
5 250 0.5636
6 10 0.5869
6 20 0.5843
6 30 0.5913
6 40 0.5817
6 50 0.5896
6 60 0.5749
6 70 0.5677
6 80 0.5875
6 90 0.5826
6 100 0.584
6 110 0.5844
6 120 0.5773
6 130 0.5734
6 140 0.5548
6 150 0.5516
6 160 0.5803
6 170 0.5808
6 180 0.5856
6 190 0.5825
6 200 0.5809
6 210 0.5764
6 220 0.5978
6 230 0.5964
6 240 0.5724
6 250 0.5968
7 10 0.5818
7 20 0.5835
7 30 0.5843
7 40 0.5756
7 50 0.5921
7 60 0.5894
7 70 0.5568
7 80 0.5782
7 90 0.5822
7 100 0.5484
7 110 0.5981
7 120 0.5961
7 130 0.5829
7 140 0.5707
7 150 0.5606
7 160 0.5844
7 170 0.5801
7 180 0.5832
7 190 0.5878
7 200 0.6028
7 210 0.5971
7 220 0.5802
7 230 0.5983
7 240 0.5897
7 250 0.5937
8 10 0.5798
8 20 0.5916
8 30 0.585
8 40 0.5896
8 50 0.5944
8 60 0.587
8 70 0.5585
8 80 0.5984
8 90 0.5809
8 100 0.5888
8 110 0.5835
8 120 0.5921
8 130 0.593
8 140 0.5625
8 150 0.5868
8 160 0.5841
8 170 0.5795
8 180 0.5764
8 190 0.5845
8 200 0.5906
8 210 0.5959
8 220 0.5851
8 230 0.5697
8 240 0.5777
8 250 0.5889
9 10 0.5801
9 20 0.6063
9 30 0.5942
9 40 0.5871
9 50 0.5642
9 60 0.5876
9 70 0.5728
9 80 0.5982
9 90 0.5745
9 100 0.5787
9 110 0.5904
9 120 0.5957
9 130 0.5959
9 140 0.5721
9 150 0.5503
9 160 0.5737
9 170 0.5909
9 180 0.5803
9 190 0.5804
9 200 0.586
9 210 0.5856
9 220 0.5951
9 230 0.5888
9 240 0.5439
9 250 0.5736
10 10 0.5686
10 20 0.5891
10 30 0.5853
10 40 0.5833
10 50 0.5778
10 60 0.575
10 70 0.5703
10 80 0.5905
10 90 0.5985
10 100 0.587
10 110 0.5871
10 120 0.5861
10 130 0.5968
10 140 0.6037
10 150 0.5895
10 160 0.5861
10 170 0.5896
10 180 0.5948
10 190 0.5749
10 200 0.5908
10 210 0.5852
10 220 0.5784
10 230 0.575
10 240 0.5809
10 250 0.5938
