10 0.117000
20 0.100000
30 0.107700
40 0.167300
50 0.236300
60 0.167400
70 0.118300
80 0.142000
90 0.150300
100 0.217100
110 0.197200
120 0.192000
130 0.211700
140 0.187400
150 0.229600
160 0.234800
170 0.265600
180 0.268400
190 0.271400
200 0.274100
210 0.304500
220 0.313900
230 0.307500
240 0.311900
250 0.348100
260 0.320900
270 0.346000
280 0.362300
290 0.358000
300 0.381900
310 0.375600
320 0.374500
330 0.378100
340 0.394000
350 0.392300
360 0.412900
370 0.406300
380 0.397700
390 0.405200
400 0.429800
410 0.431600
420 0.432600
430 0.434500
440 0.449300
450 0.441500
460 0.457400
470 0.455000
480 0.438600
490 0.453700
500 0.429500
510 0.484700
520 0.443900
530 0.480600
540 0.465200
550 0.486700
560 0.468800
570 0.457300
580 0.470000
590 0.482900
600 0.486900
610 0.494400
620 0.484100
630 0.485300
640 0.488600
650 0.489400
660 0.506800
670 0.490000
680 0.509000
690 0.482700
700 0.506000
710 0.508800
720 0.516900
730 0.481200
740 0.516800
750 0.474500
760 0.525400
770 0.493000
780 0.514700
790 0.505300
800 0.537100
810 0.500700
820 0.507900
830 0.534900
840 0.519200
850 0.523600
860 0.539300
870 0.531300
880 0.479500
890 0.516300
900 0.530400
910 0.541200
920 0.536200
930 0.547500
940 0.530200
950 0.545700
960 0.549100
970 0.538100
980 0.520000
990 0.549200
1000 0.530000
1010 0.548800
1020 0.529000
1030 0.526100
1040 0.533200
1050 0.569000
1060 0.553100
1070 0.545100
1080 0.571400
1090 0.533300
1100 0.534700
1110 0.566300
1120 0.569500
1130 0.518700
1140 0.550200
1150 0.555600
1160 0.572000
1170 0.566600
1180 0.577000
1190 0.549000
1200 0.577900
1210 0.577100
1220 0.569400
1230 0.544600
1240 0.569100
1250 0.569800
1260 0.567500
1270 0.554500
1280 0.552100
1290 0.553900
1300 0.591900
1310 0.577800
1320 0.564600
1330 0.595800
1340 0.558100
1350 0.535100
1360 0.589600
1370 0.587700
1380 0.537300
1390 0.580700
1400 0.585900
1410 0.594800
1420 0.583800
1430 0.599200
1440 0.565900
1450 0.602000
1460 0.598500
1470 0.592600
1480 0.572000
1490 0.592400
1500 0.601100
1510 0.588600
1520 0.584600
1530 0.573800
1540 0.569300
1550 0.604700
1560 0.597200
1570 0.582000
1580 0.599300
1590 0.583600
1600 0.555200
1610 0.604800
1620 0.603600
1630 0.558800
1640 0.584400
1650 0.598200
1660 0.610300
1670 0.588400
1680 0.617300
1690 0.583700
1700 0.620400
1710 0.606200
1720 0.609400
1730 0.594500
1740 0.612700
1750 0.619200
1760 0.605400
1770 0.595600
1780 0.590100
1790 0.587500
1800 0.617600
1810 0.613200
1820 0.594200
1830 0.615800
1840 0.599800
1850 0.578800
1860 0.617000
1870 0.607400
1880 0.573500
1890 0.590600
1900 0.612100
1910 0.618800
1920 0.599200
1930 0.625800
1940 0.575100
1950 0.623800
1960 0.617000
1970 0.613300
1980 0.604400
1990 0.624800
2000 0.625300
2010 0.610600
2020 0.601500
2030 0.592300
2040 0.600900
2050 0.622100
2060 0.622600
2070 0.611400
2080 0.628200
2090 0.620800
2100 0.597900
2110 0.628100
2120 0.618800
2130 0.582300
2140 0.593900
2150 0.615400
2160 0.624200
2170 0.602400
2180 0.633300
2190 0.565800
2200 0.632400
2210 0.626000
2220 0.625900
2230 0.622200
2240 0.630500
2250 0.633800
2260 0.622500
2270 0.618300
2280 0.611700
2290 0.618600
2300 0.628700
2310 0.631500
2320 0.619200
2330 0.635800
2340 0.631000
2350 0.604000
2360 0.633700
2370 0.629200
2380 0.583900
2390 0.593900
2400 0.622400
2410 0.628700
2420 0.614800
2430 0.638300
2440 0.572900
2450 0.627500
2460 0.633100
2470 0.636700
2480 0.632500
2490 0.634600
2500 0.632400
