10 0.100000
20 0.100000
30 0.100000
40 0.100000
50 0.100000
60 0.100000
70 0.100000
80 0.100000
90 0.116200
100 0.100000
110 0.100000
120 0.100000
130 0.100000
140 0.100000
150 0.100000
160 0.100000
170 0.100000
180 0.100000
190 0.100000
200 0.100000
210 0.100000
220 0.162400
230 0.103000
240 0.131900
250 0.139600
260 0.131000
270 0.158100
280 0.194800
290 0.210900
300 0.202000
310 0.210000
320 0.230300
330 0.260600
340 0.271300
350 0.245400
360 0.283900
370 0.296200
380 0.314800
390 0.302700
400 0.334600
410 0.308700
420 0.353000
430 0.370100
440 0.394900
450 0.371100
460 0.399300
470 0.397700
480 0.408500
490 0.369100
500 0.375800
510 0.416400
520 0.407800
530 0.401700
540 0.423900
550 0.449600
560 0.428700
570 0.455800
580 0.457400
590 0.457700
600 0.458200
610 0.469200
620 0.478100
630 0.471900
640 0.460800
650 0.485900
660 0.483300
670 0.508200
680 0.480400
690 0.499600
700 0.491000
710 0.513100
720 0.518500
730 0.527200
740 0.473700
750 0.520300
760 0.542000
770 0.539900
780 0.511900
790 0.528300
800 0.537000
810 0.513100
820 0.504700
830 0.526100
840 0.541500
850 0.551100
860 0.541400
870 0.550200
880 0.539000
890 0.516000
900 0.537600
910 0.541400
920 0.547500
930 0.536800
940 0.550500
950 0.555000
960 0.553600
970 0.565500
980 0.574700
990 0.542700
1000 0.561800
1010 0.567300
1020 0.567600
1030 0.558300
1040 0.576100
1050 0.570700
1060 0.545400
1070 0.536300
1080 0.567300
1090 0.566300
1100 0.559400
1110 0.573400
1120 0.564400
1130 0.560400
1140 0.529600
1150 0.542100
1160 0.565600
1170 0.562900
1180 0.574700
1190 0.574100
1200 0.568400
1210 0.584500
1220 0.582200
1230 0.586500
1240 0.582900
1250 0.563600
1260 0.586900
1270 0.584300
1280 0.591300
1290 0.581700
1300 0.589600
1310 0.574900
1320 0.567700
1330 0.587500
1340 0.582600
1350 0.584000
1360 0.584400
1370 0.577300
1380 0.573400
1390 0.554800
1400 0.551600
1410 0.580300
1420 0.580800
1430 0.585600
1440 0.582500
1450 0.580900
1460 0.576400
1470 0.597800
1480 0.596400
1490 0.572400
1500 0.596800
1510 0.581800
1520 0.583500
1530 0.584300
1540 0.575600
1550 0.592100
1560 0.589400
1570 0.556800
1580 0.578200
1590 0.582200
1600 0.548400
1610 0.598100
1620 0.596100
1630 0.582900
1640 0.570700
1650 0.560600
1660 0.584400
1670 0.580100
1680 0.583200
1690 0.587800
1700 0.602800
1710 0.597100
1720 0.580200
1730 0.598300
1740 0.589700
1750 0.593700
1760 0.579800
1770 0.591600
1780 0.585000
1790 0.589600
1800 0.594400
1810 0.587000
1820 0.558500
1830 0.598400
1840 0.580900
1850 0.588800
1860 0.583500
1870 0.592100
1880 0.593000
1890 0.562500
1900 0.586800
1910 0.584100
1920 0.579500
1930 0.576400
1940 0.584500
1950 0.590600
1960 0.595900
1970 0.585100
1980 0.569700
1990 0.577700
2000 0.588900
2010 0.580100
2020 0.606300
2030 0.594200
2040 0.587100
2050 0.564200
2060 0.587600
2070 0.572800
2080 0.598200
2090 0.574500
2100 0.578700
2110 0.590400
2120 0.595700
2130 0.595900
2140 0.572100
2150 0.550300
2160 0.573700
2170 0.590900
2180 0.580300
2190 0.580400
2200 0.586000
2210 0.585600
2220 0.595100
2230 0.588800
2240 0.543900
2250 0.573600
2260 0.568600
2270 0.589100
2280 0.585300
2290 0.583300
2300 0.577800
2310 0.575000
2320 0.570300
2330 0.590500
2340 0.598500
2350 0.587000
2360 0.587100
2370 0.586100
2380 0.596800
2390 0.603700
2400 0.589500
2410 0.586100
2420 0.589600
2430 0.594800
2440 0.574900
2450 0.590800
2460 0.585200
2470 0.578400
2480 0.575000
2490 0.580900
2500 0.593800
