1 10 0.117
1 20 0.1
1 30 0.1077
1 40 0.1673
1 50 0.2363
1 60 0.1674
1 70 0.1183
1 80 0.142
1 90 0.1503
1 100 0.2171
1 110 0.1972
1 120 0.192
1 130 0.2117
1 140 0.1874
1 150 0.2296
1 160 0.2348
1 170 0.2656
1 180 0.2684
1 190 0.2714
1 200 0.2741
1 210 0.3045
1 220 0.3139
1 230 0.3075
1 240 0.3119
1 250 0.3481
2 10 0.3209
2 20 0.346
2 30 0.3623
2 40 0.358
2 50 0.3819
2 60 0.3756
2 70 0.3745
2 80 0.3781
2 90 0.394
2 100 0.3923
2 110 0.4129
2 120 0.4063
2 130 0.3977
2 140 0.4052
2 150 0.4298
2 160 0.4316
2 170 0.4326
2 180 0.4345
2 190 0.4493
2 200 0.4415
2 210 0.4574
2 220 0.455
2 230 0.4386
2 240 0.4537
2 250 0.4295
3 10 0.4847
3 20 0.4439
3 30 0.4806
3 40 0.4652
3 50 0.4867
3 60 0.4688
3 70 0.4573
3 80 0.47
3 90 0.4829
3 100 0.4869
3 110 0.4944
3 120 0.4841
3 130 0.4853
3 140 0.4886
3 150 0.4894
3 160 0.5068
3 170 0.49
3 180 0.509
3 190 0.4827
3 200 0.506
3 210 0.5088
3 220 0.5169
3 230 0.4812
3 240 0.5168
3 250 0.4745
4 10 0.5254
4 20 0.493
4 30 0.5147
4 40 0.5053
4 50 0.5371
4 60 0.5007
4 70 0.5079
4 80 0.5349
4 90 0.5192
4 100 0.5236
4 110 0.5393
4 120 0.5313
4 130 0.4795
4 140 0.5163
4 150 0.5304
4 160 0.5412
4 170 0.5362
4 180 0.5475
4 190 0.5302
4 200 0.5457
4 210 0.5491
4 220 0.5381
4 230 0.52
4 240 0.5492
4 250 0.53
5 10 0.5488
5 20 0.529
5 30 0.5261
5 40 0.5332
5 50 0.569
5 60 0.5531
5 70 0.5451
5 80 0.5714
5 90 0.5333
5 100 0.5347
5 110 0.5663
5 120 0.5695
5 130 0.5187
5 140 0.5502
5 150 0.5556
5 160 0.572
5 170 0.5666
5 180 0.577
5 190 0.549
5 200 0.5779
5 210 0.5771
5 220 0.5694
5 230 0.5446
5 240 0.5691
5 250 0.5698
6 10 0.5675
6 20 0.5545
6 30 0.5521
6 40 0.5539
6 50 0.5919
6 60 0.5778
6 70 0.5646
6 80 0.5958
6 90 0.5581
6 100 0.5351
6 110 0.5896
6 120 0.5877
6 130 0.5373
6 140 0.5807
6 150 0.5859
6 160 0.5948
6 170 0.5838
6 180 0.5992
6 190 0.5659
6 200 0.602
6 210 0.5985
6 220 0.5926
6 230 0.572
6 240 0.5924
6 250 0.6011
7 10 0.5886
7 20 0.5846
7 30 0.5738
7 40 0.5693
7 50 0.6047
7 60 0.5972
7 70 0.582
7 80 0.5993
7 90 0.5836
7 100 0.5552
7 110 0.6048
7 120 0.6036
7 130 0.5588
7 140 0.5844
7 150 0.5982
7 160 0.6103
7 170 0.5884
7 180 0.6173
7 190 0.5837
7 200 0.6204
7 210 0.6062
7 220 0.6094
7 230 0.5945
7 240 0.6127
7 250 0.6192
8 10 0.6054
8 20 0.5956
8 30 0.5901
8 40 0.5875
8 50 0.6176
8 60 0.6132
8 70 0.5942
8 80 0.6158
8 90 0.5998
8 100 0.5788
8 110 0.617
8 120 0.6074
8 130 0.5735
8 140 0.5906
8 150 0.6121
8 160 0.6188
8 170 0.5992
8 180 0.6258
8 190 0.5751
8 200 0.6238
8 210 0.617
8 220 0.6133
8 230 0.6044
8 240 0.6248
8 250 0.6253
9 10 0.6106
9 20 0.6015
9 30 0.5923
9 40 0.6009
9 50 0.6221
9 60 0.6226
9 70 0.6114
9 80 0.6282
9 90 0.6208
9 100 0.5979
9 110 0.6281
9 120 0.6188
9 130 0.5823
9 140 0.5939
9 150 0.6154
9 160 0.6242
9 170 0.6024
9 180 0.6333
9 190 0.5658
9 200 0.6324
9 210 0.626
9 220 0.6259
9 230 0.6222
9 240 0.6305
9 250 0.6338
10 10 0.6225
10 20 0.6183
10 30 0.6117
10 40 0.6186
10 50 0.6287
10 60 0.6315
10 70 0.6192
10 80 0.6358
10 90 0.631
10 100 0.604
10 110 0.6337
10 120 0.6292
10 130 0.5839
10 140 0.5939
10 150 0.6224
10 160 0.6287
10 170 0.6148
10 180 0.6383
10 190 0.5729
10 200 0.6275
10 210 0.6331
10 220 0.6367
10 230 0.6325
10 240 0.6346
10 250 0.6324
