1 10 0.1
1 20 0.1
1 30 0.1425
1 40 0.1476
1 50 0.2104
1 60 0.2296
1 70 0.2066
1 80 0.2674
1 90 0.2756
1 100 0.2679
1 110 0.3283
1 120 0.3242
1 130 0.3625
1 140 0.3982
1 150 0.405
1 160 0.3966
1 170 0.3734
1 180 0.4205
1 190 0.4405
1 200 0.4339
1 210 0.4428
1 220 0.444
1 230 0.4489
1 240 0.4529
1 250 0.4509
2 10 0.4865
2 20 0.4584
2 30 0.4775
2 40 0.4759
2 50 0.4935
2 60 0.4831
2 70 0.4895
2 80 0.4838
2 90 0.4833
2 100 0.5093
2 110 0.499
2 120 0.5005
2 130 0.5097
2 140 0.5145
2 150 0.5178
2 160 0.4968
2 170 0.5147
2 180 0.5166
2 190 0.5149
2 200 0.5137
2 210 0.5366
2 220 0.5466
2 230 0.5358
2 240 0.532
2 250 0.5254
3 10 0.5624
3 20 0.5553
3 30 0.5413
3 40 0.5558
3 50 0.5593
3 60 0.5461
3 70 0.5281
3 80 0.549
3 90 0.5483
3 100 0.5707
3 110 0.5433
3 120 0.5399
3 130 0.5462
3 140 0.5611
3 150 0.5865
3 160 0.5721
3 170 0.573
3 180 0.5762
3 190 0.5752
3 200 0.5772
3 210 0.5812
3 220 0.5793
3 230 0.5606
3 240 0.579
3 250 0.5683
4 10 0.5999
4 20 0.5957
4 30 0.603
4 40 0.5847
4 50 0.6002
4 60 0.5817
4 70 0.5905
4 80 0.5929
4 90 0.5891
4 100 0.5941
4 110 0.5966
4 120 0.576
4 130 0.5728
4 140 0.5957
4 150 0.6078
4 160 0.6038
4 170 0.5983
4 180 0.5971
4 190 0.5881
4 200 0.6083
4 210 0.6165
4 220 0.5937
4 230 0.5947
4 240 0.5937
4 250 0.587
5 10 0.6098
5 20 0.6075
5 30 0.6123
5 40 0.5962
5 50 0.6062
5 60 0.6135
5 70 0.6052
5 80 0.6103
5 90 0.6065
5 100 0.6201
5 110 0.6102
5 120 0.5906
5 130 0.6071
5 140 0.6022
5 150 0.5972
5 160 0.6049
5 170 0.6006
5 180 0.6056
5 190 0.5937
5 200 0.6225
5 210 0.6077
5 220 0.6145
5 230 0.6134
5 240 0.5955
5 250 0.5768
6 10 0.6177
6 20 0.6266
6 30 0.6141
6 40 0.5835
6 50 0.6013
6 60 0.6377
6 70 0.6195
6 80 0.6239
6 90 0.6162
6 100 0.6317
6 110 0.6275
6 120 0.6186
6 130 0.6172
6 140 0.6147
6 150 0.5947
6 160 0.6026
6 170 0.6
6 180 0.5953
6 190 0.5827
6 200 0.6352
6 210 0.6237
6 220 0.6302
6 230 0.6339
6 240 0.6133
6 250 0.5959
7 10 0.6146
7 20 0.6412
7 30 0.6184
7 40 0.606
7 50 0.614
7 60 0.6358
7 70 0.6278
7 80 0.6215
7 90 0.6067
7 100 0.6363
7 110 0.6335
7 120 0.6326
7 130 0.6211
7 140 0.6277
7 150 0.6082
7 160 0.6025
7 170 0.6022
7 180 0.6131
7 190 0.6049
7 200 0.6404
7 210 0.6314
7 220 0.6353
7 230 0.6356
7 240 0.6218
7 250 0.6133
8 10 0.6105
8 20 0.6466
8 30 0.6314
8 40 0.6177
8 50 0.6266
8 60 0.6319
8 70 0.6175
8 80 0.6307
8 90 0.6013
8 100 0.6331
8 110 0.6323
8 120 0.6419
8 130 0.6106
8 140 0.6382
8 150 0.6225
8 160 0.6002
8 170 0.6165
8 180 0.6288
8 190 0.6204
8 200 0.6293
8 210 0.6062
8 220 0.6392
8 230 0.6347
8 240 0.6293
8 250 0.6182
9 10 0.5855
9 20 0.6422
9 30 0.6367
9 40 0.6022
9 50 0.643
9 60 0.619
9 70 0.6366
9 80 0.629
9 90 0.6316
9 100 0.6125
9 110 0.6244
9 120 0.6475
9 130 0.6074
9 140 0.5845
9 150 0.6457
9 160 0.6053
9 170 0.6352
9 180 0.618
9 190 0.6347
9 200 0.6386
9 210 0.6365
9 220 0.6292
9 230 0.6416
9 240 0.6266
9 250 0.6189
10 10 0.6316
10 20 0.6285
10 30 0.6474
10 40 0.6077
10 50 0.6395
10 60 0.6258
10 70 0.6479
10 80 0.6294
10 90 0.6304
10 100 0.6158
10 110 0.6346
10 120 0.6494
10 130 0.6299
10 140 0.5833
10 150 0.6456
10 160 0.6173
10 170 0.6336
10 180 0.6277
10 190 0.6373
10 200 0.6348
10 210 0.641
10 220 0.6267
10 230 0.6381
10 240 0.6276
10 250 0.6193
