10 0.100000
20 0.100000
30 0.142500
40 0.147600
50 0.210400
60 0.229600
70 0.206600
80 0.267400
90 0.275600
100 0.267900
110 0.328300
120 0.324200
130 0.362500
140 0.398200
150 0.405000
160 0.396600
170 0.373400
180 0.420500
190 0.440500
200 0.433900
210 0.442800
220 0.444000
230 0.448900
240 0.452900
250 0.450900
260 0.486500
270 0.458400
280 0.477500
290 0.475900
300 0.493500
310 0.483100
320 0.489500
330 0.483800
340 0.483300
350 0.509300
360 0.499000
370 0.500500
380 0.509700
390 0.514500
400 0.517800
410 0.496800
420 0.514700
430 0.516600
440 0.514900
450 0.513700
460 0.536600
470 0.546600
480 0.535800
490 0.532000
500 0.525400
510 0.562400
520 0.555300
530 0.541300
540 0.555800
550 0.559300
560 0.546100
570 0.528100
580 0.549000
590 0.548300
600 0.570700
610 0.543300
620 0.539900
630 0.546200
640 0.561100
650 0.586500
660 0.572100
670 0.573000
680 0.576200
690 0.575200
700 0.577200
710 0.581200
720 0.579300
730 0.560600
740 0.579000
750 0.568300
760 0.599900
770 0.595700
780 0.603000
790 0.584700
800 0.600200
810 0.581700
820 0.590500
830 0.592900
840 0.589100
850 0.594100
860 0.596600
870 0.576000
880 0.572800
890 0.595700
900 0.607800
910 0.603800
920 0.598300
930 0.597100
940 0.588100
950 0.608300
960 0.616500
970 0.593700
980 0.594700
990 0.593700
1000 0.587000
1010 0.609800
1020 0.607500
1030 0.612300
1040 0.596200
1050 0.606200
1060 0.613500
1070 0.605200
1080 0.610300
1090 0.606500
1100 0.620100
1110 0.610200
1120 0.590600
1130 0.607100
1140 0.602200
1150 0.597200
1160 0.604900
1170 0.600600
1180 0.605600
1190 0.593700
1200 0.622500
1210 0.607700
1220 0.614500
1230 0.613400
1240 0.595500
1250 0.576800
1260 0.617700
1270 0.626600
1280 0.614100
1290 0.583500
1300 0.601300
1310 0.637700
1320 0.619500
1330 0.623900
1340 0.616200
1350 0.631700
1360 0.627500
1370 0.618600
1380 0.617200
1390 0.614700
1400 0.594700
1410 0.602600
1420 0.600000
1430 0.595300
1440 0.582700
1450 0.635200
1460 0.623700
1470 0.630200
1480 0.633900
1490 0.613300
1500 0.595900
1510 0.614600
1520 0.641200
1530 0.618400
1540 0.606000
1550 0.614000
1560 0.635800
1570 0.627800
1580 0.621500
1590 0.606700
1600 0.636300
1610 0.633500
1620 0.632600
1630 0.621100
1640 0.627700
1650 0.608200
1660 0.602500
1670 0.602200
1680 0.613100
1690 0.604900
1700 0.640400
1710 0.631400
1720 0.635300
1730 0.635600
1740 0.621800
1750 0.613300
1760 0.610500
1770 0.646600
1780 0.631400
1790 0.617700
1800 0.626600
1810 0.631900
1820 0.617500
1830 0.630700
1840 0.601300
1850 0.633100
1860 0.632300
1870 0.641900
1880 0.610600
1890 0.638200
1900 0.622500
1910 0.600200
1920 0.616500
1930 0.628800
1940 0.620400
1950 0.629300
1960 0.606200
1970 0.639200
1980 0.634700
1990 0.629300
2000 0.618200
2010 0.585500
2020 0.642200
2030 0.636700
2040 0.602200
2050 0.643000
2060 0.619000
2070 0.636600
2080 0.629000
2090 0.631600
2100 0.612500
2110 0.624400
2120 0.647500
2130 0.607400
2140 0.584500
2150 0.645700
2160 0.605300
2170 0.635200
2180 0.618000
2190 0.634700
2200 0.638600
2210 0.636500
2220 0.629200
2230 0.641600
2240 0.626600
2250 0.618900
2260 0.631600
2270 0.628500
2280 0.647400
2290 0.607700
2300 0.639500
2310 0.625800
2320 0.647900
2330 0.629400
2340 0.630400
2350 0.615800
2360 0.634600
2370 0.649400
2380 0.629900
2390 0.583300
2400 0.645600
2410 0.617300
2420 0.633600
2430 0.627700
2440 0.637300
2450 0.634800
2460 0.641000
2470 0.626700
2480 0.638100
2490 0.627600
2500 0.619300
