10 0.099900
20 0.100000
30 0.100000
40 0.100000
50 0.100000
60 0.100000
70 0.100000
80 0.100000
90 0.100000
100 0.100000
110 0.100000
120 0.111900
130 0.100000
140 0.100000
150 0.100000
160 0.100000
170 0.100000
180 0.100000
190 0.100000
200 0.100000
210 0.100000
220 0.100000
230 0.100000
240 0.100000
250 0.100000
260 0.100000
270 0.100000
280 0.100000
290 0.100000
300 0.100000
310 0.100000
320 0.100000
330 0.100000
340 0.100000
350 0.109600
360 0.100000
370 0.100000
380 0.100000
390 0.100000
400 0.100000
410 0.100000
420 0.100000
430 0.100000
440 0.100000
450 0.100000
460 0.100000
470 0.100000
480 0.100000
490 0.100000
500 0.100000
510 0.100000
520 0.100000
530 0.100700
540 0.112200
550 0.100000
560 0.100000
570 0.100000
580 0.135600
590 0.097100
600 0.120900
610 0.100000
620 0.106100
630 0.100000
640 0.100100
650 0.116000
660 0.100000
670 0.100100
680 0.100000
690 0.100000
700 0.100000
710 0.100000
720 0.143000
730 0.161100
740 0.110800
750 0.121000
760 0.138800
770 0.139100
780 0.159800
790 0.184500
800 0.175300
810 0.171800
820 0.162400
830 0.159800
840 0.155500
850 0.149400
860 0.142200
870 0.157600
880 0.173700
890 0.183600
900 0.192000
910 0.187700
920 0.191400
930 0.200400
940 0.211800
950 0.216100
960 0.217300
970 0.220900
980 0.235100
990 0.235000
1000 0.228100
1010 0.249600
1020 0.255000
1030 0.261800
1040 0.247100
1050 0.276100
1060 0.282100
1070 0.286400
1080 0.293900
1090 0.297200
1100 0.300400
1110 0.312100
1120 0.305600
1130 0.310800
1140 0.311000
1150 0.321300
1160 0.313500
1170 0.339000
1180 0.343600
1190 0.334900
1200 0.351700
1210 0.357400
1220 0.363800
1230 0.372400
1240 0.383800
1250 0.378600
1260 0.384000
1270 0.383800
1280 0.395900
1290 0.402300
1300 0.381800
1310 0.394400
1320 0.397200
1330 0.413200
1340 0.414000
1350 0.411300
1360 0.424400
1370 0.403800
1380 0.426600
1390 0.424300
1400 0.419800
1410 0.418300
1420 0.433600
1430 0.434600
1440 0.436800
1450 0.425400
1460 0.447800
1470 0.440700
1480 0.453700
1490 0.445800
1500 0.446900
1510 0.464900
1520 0.455400
1530 0.463100
1540 0.463100
1550 0.472000
1560 0.448100
1570 0.473100
1580 0.465300
1590 0.469400
1600 0.468500
1610 0.490000
1620 0.474200
1630 0.481200
1640 0.477700
1650 0.482200
1660 0.476000
1670 0.485600
1680 0.491400
1690 0.499500
1700 0.485700
1710 0.502700
1720 0.502200
1730 0.506000
1740 0.503400
1750 0.483500
1760 0.508300
1770 0.507200
1780 0.506300
1790 0.515300
1800 0.516100
1810 0.498900
1820 0.515000
1830 0.512300
1840 0.527900
1850 0.522300
1860 0.532900
1870 0.526600
1880 0.532100
1890 0.528600
1900 0.513900
1910 0.528000
1920 0.529800
1930 0.536300
1940 0.544900
1950 0.529500
1960 0.540300
1970 0.540200
1980 0.547100
1990 0.541200
2000 0.520300
2010 0.542800
2020 0.546400
2030 0.544300
2040 0.545100
2050 0.552500
2060 0.548200
2070 0.545100
2080 0.551600
2090 0.555400
2100 0.559500
2110 0.567400
2120 0.561800
2130 0.556200
2140 0.560500
2150 0.544900
2160 0.554500
2170 0.563200
2180 0.568300
2190 0.567800
2200 0.563500
2210 0.574500
2220 0.572300
2230 0.579700
2240 0.568800
2250 0.550100
2260 0.564100
2270 0.573500
2280 0.574300
2290 0.567400
2300 0.575700
2310 0.566700
2320 0.559400
2330 0.575300
2340 0.587200
2350 0.585600
2360 0.588400
2370 0.588200
2380 0.588300
2390 0.582800
2400 0.569000
2410 0.574700
2420 0.585600
2430 0.591900
2440 0.579900
2450 0.584800
2460 0.593400
2470 0.586600
2480 0.595400
2490 0.593000
2500 0.576300
