50 0.1
100 0.1
150 0.1017
200 0.115
250 0.1624
300 0.1728
350 0.2056
400 0.2392
450 0.2597
500 0.2728
550 0.3167
600 0.3015
650 0.3348
700 0.3654
750 0.3818
800 0.4154
850 0.4387
900 0.4416
950 0.452
1000 0.4492
1050 0.4979
1100 0.5067
1150 0.4969
1200 0.5105
1250 0.5129
1300 0.5151
1350 0.5504
1400 0.5265
1450 0.5239
1500 0.5499
1550 0.5677
1600 0.5857
1650 0.5487
1700 0.5616
1750 0.5752
1800 0.6001
1850 0.6033
1900 0.5522
1950 0.5839
2000 0.5834
2050 0.6124
2100 0.5972
2150 0.5828
2200 0.6025
2250 0.5856
2300 0.6195
2350 0.6191
2400 0.6172
2450 0.6124
2500 0.5936
