50 0.1
100 0.1
150 0.1002
200 0.1159
250 0.1728
300 0.1696
350 0.2159
400 0.242
450 0.263
500 0.2854
550 0.3272
600 0.3375
650 0.3497
700 0.3908
750 0.4131
800 0.4449
850 0.448
900 0.4606
950 0.4609
1000 0.4737
1050 0.4891
1100 0.4972
1150 0.509
1200 0.5015
1250 0.5226
1300 0.5196
1350 0.5389
1400 0.5452
1450 0.5317
1500 0.5626
1550 0.5427
1600 0.5674
1650 0.5769
1700 0.5524
1750 0.5871
1800 0.5859
1850 0.5927
1900 0.5996
1950 0.5788
2000 0.5975
2050 0.6018
2100 0.6103
2150 0.62
2200 0.5856
2250 0.5983
2300 0.6159
2350 0.6327
2400 0.618
2450 0.6113
2500 0.622
