10 0.2423
20 0.2742
30 0.2807
40 0.3096
50 0.3055
60 0.3202
70 0.3247
80 0.3241
90 0.3327
100 0.3224
110 0.3373
120 0.326
130 0.3483
140 0.3529
150 0.3412
160 0.345
170 0.3585
180 0.3495
190 0.3504
200 0.3618
210 0.3585
220 0.3671
230 0.3434
240 0.365
250 0.3515
260 0.3605
270 0.3665
280 0.3576
290 0.3734
300 0.3498
310 0.3667
320 0.3726
330 0.3656
340 0.3695
350 0.3522
360 0.3709
370 0.3465
380 0.3771
390 0.3752
400 0.3686
410 0.364
420 0.3821
430 0.371
440 0.3719
450 0.379
460 0.3713
470 0.3803
480 0.3591
490 0.3787
500 0.3622
