50 0.1816
100 0.2204
150 0.2371
200 0.2743
250 0.3523
300 0.369
350 0.4092
400 0.4243
450 0.4412
500 0.4541
550 0.4884
600 0.4981
650 0.4875
700 0.5046
750 0.5135
800 0.5382
850 0.5416
900 0.5278
950 0.5384
1000 0.5614
1050 0.561
1100 0.5732
1150 0.5568
1200 0.5744
1250 0.5779
1300 0.5857
1350 0.5884
1400 0.5934
1450 0.5895
1500 0.5935
1550 0.6102
1600 0.6082
1650 0.614
1700 0.5983
1750 0.6157
1800 0.6269
1850 0.6276
1900 0.6153
1950 0.6116
2000 0.622
2050 0.63
2100 0.6287
2150 0.628
2200 0.6287
2250 0.6328
2300 0.629
2350 0.6312
2400 0.6336
2450 0.6433
2500 0.6423
