50 0.2121
100 0.1872
150 0.2295
200 0.2694
250 0.3432
300 0.3693
350 0.3894
400 0.4261
450 0.4423
500 0.4495
550 0.4868
600 0.4814
650 0.4923
700 0.5042
750 0.5014
800 0.5377
850 0.5375
900 0.527
950 0.5346
1000 0.5397
1050 0.5572
1100 0.5594
1150 0.5504
1200 0.567
1250 0.5797
1300 0.5822
1350 0.5811
1400 0.5761
1450 0.5635
1500 0.5988
1550 0.5886
1600 0.6003
1650 0.5877
1700 0.5775
1750 0.6115
1800 0.6003
1850 0.6044
1900 0.5941
1950 0.5915
2000 0.6184
2050 0.6143
2100 0.6205
2150 0.6064
2200 0.6065
2250 0.6257
2300 0.6232
2350 0.6243
2400 0.6141
2450 0.6198
2500 0.6326
